[ 3.14158675e+00  4.37868893e-01  1.74505937e+00 -6.14443253e-06
 -1.67714336e+00  7.72529021e-01  2.52595793e+00 -2.37837591e+00
  2.11113150e+00  3.03735817e-05 -3.81283929e+00 -8.84395329e-01
 -2.11199440e+00  1.64226895e-01 -1.44426100e+00 -4.58609980e-01
  1.57074392e+00 -1.98712848e+00  8.79123163e-06 -2.50219325e+00
 -6.39403574e-01  1.60321583e-05  1.66964217e+00 -2.64580975e-01
 -3.14159291e+00  1.04398776e+00 -2.25467241e+00 -5.41907200e-06
  2.38861592e+00  9.62678449e-01 -1.57079863e+00 -2.57101793e+00
 -2.86508119e+00  2.28244748e-01 -1.57067574e+00  1.14384965e+00
 -2.28315908e+00  2.96891225e+00 -1.47323110e+00 -1.57076749e+00
 -3.14157454e+00 -1.82721729e+00 -3.14156759e+00  2.68902139e-01
 -2.38000506e-01  1.57068098e+00  1.57079627e+00 -2.14137512e+00
 -1.57080868e+00 -1.19390748e+00  2.03251951e-05 -1.18430376e+00
 -1.57082301e+00  3.20432053e+00  2.96584209e-01 -4.71262829e+00
  1.57103675e+00  3.14159646e+00  3.95413862e-01 -4.84619933e-01
  1.57081799e+00 -5.74710218e-01  8.75072129e-06  8.61013272e-06
 -1.96862867e+00 -1.09070535e-01  8.21597732e-05  1.74003730e+00
 -1.33676100e+00 -1.57080646e+00  3.14157791e+00  2.53645776e+00
 -1.18430944e+00 -1.14138880e+00 -1.57080952e+00  1.52930775e-05
  1.09154566e+00  3.22193052e-02 -2.60456678e-05  1.99695399e+00
 -1.83021183e+00 -2.41900188e+00  1.49119914e+00  2.67856141e+00
  3.14160797e+00 -5.42575004e-02  5.81241056e-01 -2.18370713e+00
 -2.39293040e-01  1.71732728e+00  5.10625141e-01 -2.30886374e+00
  1.47574968e+00  3.14168487e+00  3.83357869e-01 -2.91395283e+00
 -3.14162101e+00  1.16921735e+00 -2.60613856e+00  2.95471754e+00
  2.33843523e+00  1.97033305e+00  8.49802841e-01 -2.23198074e-01
 -1.57080710e+00  1.47498420e+00 -1.48907102e-01  2.22984630e+00
  2.60000935e+00  1.12730724e+00 -1.57087557e+00] [array([ 3.14671119, -1.31669948,  1.58755327,  1.70314454, -1.33355302,
        3.22721442, -2.98630432,  0.95566225,  0.14807584,  0.73713629,
       -3.2896833 , -1.70142288]), array([-0.85817124,  1.67088581, -0.37210019,  2.05473244,  1.80148911,
        1.60116229, -1.27069412,  0.43133127, -1.86344983,  1.49654794,
        0.2080232 , -0.64279536]), array([ 3.14150033,  0.04789837, -1.54484377,  0.69076008, -2.39379353,
        2.89670655, -0.03359035,  0.08584668, -3.24384575, -1.35896104,
        1.52334274, -0.73977495]), array([-3.14167292,  3.87361248, -0.86075362, -0.69079204,  0.74813082,
       -0.24525033,  3.09117323, -1.03504411,  2.41700123,  1.78269581,
        1.61825385, -0.73975191]), array([ 2.15575011, -0.33851461,  1.45670531,  2.79733467, -0.01656213,
       -3.1295635 ,  1.48788054,  2.41224113,  1.17234455, -0.72293835,
        0.08234613, -1.6066364 ]), array([-1.19693129, -0.49145058, -1.66447085,  1.86538601,  2.34119251,
       -2.49632324, -0.47608315,  0.71686256,  0.52260376,  2.76498831,
        1.83558863,  0.88316977]), array([-1.9128032 ,  2.24830097, -0.28540506, -2.5404943 , -0.90042691,
       -1.77908387, -0.14633511, -1.83266098, -1.37577524,  0.90977752,
        2.14538227, -1.51220274]), array([-0.51271682, -1.11712238, -1.78838079,  2.56611242, -0.94092575,
       -0.20128742, -1.22129339,  2.7872021 , -2.88108069,  1.98666384,
        2.58743292,  3.07329107])] [ 2.47118128 -2.27528127 -0.56670867  0.42060689  3.01202985 -0.69583018
 -2.72024199 -2.66988229] [ 1.21794611e-05 -9.16379536e-06  1.87089236e+00  1.87089044e+00
 -9.35227715e-06 -7.89502632e-07  8.39590602e-06 -5.39616885e-06]
