[-1.57339359e+00 -1.71615546e+00  2.78733230e+00 -6.24442072e-01
 -1.57089311e+00 -1.78389876e+00 -1.57457148e+00 -6.96664635e-01
  2.70097124e+00  2.13791395e+00  1.57079166e+00  2.73475308e+00
  1.37209283e+00 -3.08563559e+00  2.48996367e+00 -2.88064090e-05
 -1.11096731e+00 -1.33803909e+00  6.56888600e-05 -7.80221691e-01
 -2.18514244e+00 -1.57076584e+00  3.67389385e-01  6.44627782e-01
  1.27747011e+00  8.93050505e-01 -4.32534889e-01 -1.58070730e-04
  1.06012668e+00 -5.89165886e-01 -1.38252411e+00  1.94537778e+00
 -1.21695899e-01  2.35063129e-04 -1.21760741e+00 -8.11059375e-01
  1.57077590e+00 -2.57392449e+00 -1.18520278e+00  1.01540118e+00
  4.22216180e-01 -1.87467743e+00  1.79115629e-04  6.75191021e-02
 -7.77580250e-01  1.57081833e+00  9.08399592e-06  2.45934777e+00
 -3.14138574e+00 -1.57046667e-01 -1.42686626e+00 -1.57078847e+00
 -1.57080903e+00 -5.67707528e-01  7.39757692e-05  2.49237310e-01
  1.32156556e+00 -4.41019722e-05 -1.21708414e+00  1.11270343e+00
 -1.79478132e+00 -6.11799570e-01 -1.57078003e+00  6.32215515e-01
  1.57082926e+00 -8.60764237e-01 -1.57077153e+00  1.72295713e+00
  1.80909766e-05 -1.57081119e+00 -3.14157389e+00 -1.26982075e+00
  3.14161288e+00  2.88178543e+00 -7.42059023e-01 -3.14174794e+00
  4.03315886e-01 -2.12645517e+00  3.14169995e+00  2.88306860e+00
  1.31091672e+00  1.67796645e-04  1.87221005e+00 -7.25827819e-01
 -3.99858397e-05 -7.40879875e-01 -3.13737657e+00  4.52517584e-05
  2.21789824e+00 -2.70015099e+00  1.17726838e+00 -1.57076617e+00
  3.14155891e+00 -3.14159204e+00 -6.71506470e-01 -2.25242597e+00
  1.57078753e+00  8.71955871e-01  2.48979908e+00  3.14161168e+00
 -1.91004515e+00 -3.40605603e-01  1.57078620e+00  9.76293487e-03
  3.14160033e+00 -3.14165135e+00  1.84429641e+00  2.58095996e+00
  3.14154199e+00  2.54666351e+00 -2.13598418e+00  2.07724900e-04
  1.89941583e+00 -9.70315215e-01 -3.14155343e+00 -9.94169742e-02
  1.24016586e-01  3.60450963e-03 -2.00302164e+00 -2.71895290e+00
  3.14158751e+00  9.58643049e-01 -3.19646460e-01 -6.00540569e-03
 -1.55289543e+00 -1.38674746e+00  3.14160621e+00  7.67286108e-01
  8.57139875e-01  3.14120641e+00  3.04199261e+00  6.38805282e-02
 -2.01316630e-04 -4.08551716e+00 -1.42150456e+00 -1.57050849e+00
 -2.27624090e+00  1.78831457e+00  1.57404338e+00  8.82228391e-01
 -1.57076048e+00  1.55476508e+00  3.23843953e-01 -1.25170432e+00
  6.04572618e-03  8.28548211e-01  1.54924967e+00] [array([ 2.31373526e-04,  1.07953219e+00, -2.68557739e+00,  4.50332252e-05,
       -3.88545064e-01,  1.12665269e+00,  3.14187722e+00, -4.35225698e+00,
       -6.18349050e-01, -3.70809745e-02, -1.14019939e+00, -1.55692484e+00]), array([-8.25081714e-04,  1.79298058e+00, -2.57414699e-01,  9.83757047e-05,
       -3.35381202e+00, -2.19095411e+00, -3.20360381e+00,  1.28935339e+00,
        1.88145047e+00,  3.17866518e+00,  2.08485645e+00,  1.82081934e+00]), array([ 3.14128461, -1.79073544,  0.09704367,  3.13839298,  3.13919999,
       -2.47111521, -3.14137618,  0.2179549 ,  3.95164023, -3.17869783,
       -1.14907598, -1.41327259]), array([ 3.14126779,  0.27795527, -0.97564752,  3.14484639, -0.03188738,
        0.64087453,  3.20389118, -1.94672331, -1.3546854 , -0.03699725,
       -1.10323504, -1.594412  ]), array([-3.14196492e+00,  4.89115843e-01,  1.91630392e+00, -1.29109055e-03,
        1.23095769e+00, -9.41529465e-01, -3.14148817e+00, -1.89431638e+00,
        1.83952865e+00, -2.03392455e-03,  1.21970857e+00, -7.75939867e-01]), array([-3.14196631e+00,  2.73967699e+00,  1.02560654e+00, -8.15862418e-04,
        2.61767388e+00, -2.32793551e+00,  3.20390076e+00,  4.35766424e+00,
       -1.33346097e+00,  3.13889251e+00,  1.17767351e+00,  4.05485834e+00]), array([ 3.35585339e-04,  1.63431164e+00,  2.58226453e+00, -3.14555062e+00,
        2.46075054e+00,  3.58181482e+00,  3.14169240e+00,  9.17026235e-01,
       -1.63264564e+00, -3.13895569e+00, -3.21551429e+00, -3.38556393e-01]), array([ 8.62858741e-04, -2.03017929e+00,  3.10472382e+00, -3.14564131e+00,
        2.15771216e+00, -3.00437709e+00,  3.20360352e+00, -2.05303796e+00,
       -1.46105411e+00, -2.35062742e-04, -4.39374400e+00, -1.44535848e+00])] [ 0.05464045  0.38003508  0.78311873 -1.74461321 -1.21334203  1.06605547
 -0.44903514  2.22529471] [1.49647386 1.49653911 1.4965432  1.49638352 1.49659709 1.49662399
 1.49643504 1.49675103]
